38 - Taco Bell Plaza Norte 2   
16/02/2025 --   1:24 PM
12.3.75
Printed by: JOSUE VLADIMIR GONZALES SANCHES
Informe PMIX - Todos Terminales
11/02/2025
Centro de Consumos Seleccionados: CAJA 1, CAJA 2, TABLET,  

                                      Articulo                              Num                Precio                                                                      Comida             %                  % Cat              
Rango              Categoría          Num                Nombre de Articulo Vendido            Vendido            Cantidad           Costo              Rentabilidad       Costo %            Ventas             Ventas             
                                                                                                                                                                                                                                    
   1               COMIDA             103401             Quesarito Carne    20.00              3,23               64,57              0,00               64,57              0.00               3,85               8,77               
   2                                  105080             Patatas Fritas M   44.00              1,22               53,62              0,00               53,62              0.00               3,20               7,28               
   3                                  104002             Cr Wrap Carne      11.00              3,22               35,46              0,00               35,46              0.00               2,12               4,82               
   4                                  105084             Nachos Supreme     10.00              3,23               32,34              0,00               32,34              0.00               1,93               4,39               
   5                                  104133             Burrito BC         6.00               4,37               26,19              0,00               26,19              0.00               1,56               3,56               
   6                                  104121             Bacon CH QU Carne  5.00               5,16               25,79              0,00               25,79              0.00               1,54               3,50               
   7                                  104104             Quesadilla Carne   8.00               3,16               25,30              0,00               25,30              0.00               1,51               3,44               
   8                                  770409             BC Crunchy Wrap    3.00               7,85               23,55              0,00               23,55              0.00               1,41               3,20               
   9                                  770101             Quesarito          4.00               5,47               21,89              0,00               21,89              0.00               1,31               2,97               
  10                                  102019             Burrito Cheesy Carne 14.00              1,46               20,50              0,00               20,50              0.00               1,22               2,78               
  11                                  105126             Chicken Nacho 9    4.00               4,60               18,41              0,00               18,41              0.00               1,10               2,50               
  12                                  105121             Patatas Fritas G   26.00              0,67               17,54              0,00               17,54              0.00               1,05               2,38               
  13                                  101000             Taco Carne         19.00              0,92               17,41              0,00               17,41              0.00               1,04               2,37               
  14                                  102016             Chicken Burrito    13.00              1,07               13,85              0,00               13,85              0.00               0,83               1,88               
  15                                  105133             Bacon TopFries     3.00               4,45               13,35              0,00               13,35              0.00               0,80               1,81               
  16                                  105081             Nachos M           6.00               1,89               11,34              0,00               11,34              0.00               0,68               1,54               
  17                                  101101             Taco Sup Carne     8.00               1,41               11,27              0,00               11,27              0.00               0,67               1,53               
  18                                  101300             SftTA Sup Carne    7.00               1,45               10,14              0,00               10,14              0.00               0,61               1,38               
  19                                  770501             Bacon Top Fries    2.00               5,05               10,10              0,00               10,10              0.00               0,60               1,37               
  20                                  105013             NaBell Gr Carne    2.00               4,95               9,90               0,00               9,90               0.00               0,59               1,34               
  21                                  103409             Quesarito P.Pic    4.00               2,44               9,75               0,00               9,75               0.00               0,58               1,32               
  22                                  105134             Patatas Fritas XG  5.00               1,87               9,33               0,00               9,33               0.00               0,56               1,27               
  23                                  770514             Nachos con Carne y Queso 1.00               8,90               8,90               0,00               8,90               0.00               0,53               1,21               
  24                                  101002             Taco Pollo Asado   9.00               0,89               8,02               0,00               8,02               0.00               0,48               1,09               
  25                                  770206             Bacon CH QU        1.00               7,85               7,85               0,00               7,85               0.00               0,47               1,07               
  26                                  103101             Twin BC Pollo Asado 2.00               3,50               7,00               0,00               7,00               0.00               0,42               0,95               
  27                                  770108             Twin BC            2.00               3,47               6,93               0,00               6,93               0.00               0,41               0,94               
  28                                  103000             Gran Burrito Pollo Asado 2.00               3,34               6,67               0,00               6,67               0.00               0,40               0,91               
  29                                  104005             Cr Wrap Pollo Asado 2.00               3,20               6,40               0,00               6,40               0.00               0,38               0,87               
  30                                  101100             Taco Sup P.Pic     4.00               1,57               6,29               0,00               6,29               0.00               0,38               0,85               
  31                                  770105             Chicken Burrito    1.00               6,00               6,00               0,00               6,00               0.00               0,36               0,82               
  32                                  102039             BFR BBQ Carne      3.00               1,99               5,97               0,00               5,97               0.00               0,36               0,81               
  33                                  106005             EN Ens Pollo Asado 1.00               5,95               5,95               0,00               5,95               0.00               0,36               0,81               
  34                                  104049             Cr Wrap BC Carne   1.00               5,91               5,91               0,00               5,91               0.00               0,35               0,80               
  35                                  104142             Mini Quesadilla Carne 3.00               1,95               5,85               0,00               5,85               0.00               0,35               0,79               
  36                                  770201             Quesadilla         1.00               5,85               5,85               0,00               5,85               0.00               0,35               0,79               
  37                                  770510             Patatas Mexican    2.00               2,85               5,70               0,00               5,70               0.00               0,34               0,77               
  38                                  105108             Salsa Nacho        6.00               0,95               5,70               0,00               5,70               0.00               0,34               0,77               
  39                                  104003             Cr Wrap P Pic      1.00               5,45               5,45               0,00               5,45               0.00               0,33               0,74               
  40                                  195126             Chicken Nacho 9    1.00               5,40               5,40               0,00               5,40               0.00               0,32               0,73               
  41                                  104103             Quesadilla P.Pic   1.00               5,25               5,25               0,00               5,25               0.00               0,31               0,71               
  42                                  105123             Cheese Snack Carne 5.00               1,00               5,00               0,00               5,00               0.00               0,30               0,68               
  43                                  107010             ChocoBall          4.00               1,21               4,83               0,00               4,83               0.00               0,29               0,66               
  44                                  101001             Taco P.Pic         5.00               0,90               4,51               0,00               4,51               0.00               0,27               0,61               
  45                                  101103             Taco Sup Pollo Asado 3.00               1,44               4,33               0,00               4,33               0.00               0,26               0,59               
  46                                  102114             Cheesy Burr P Pic  3.00               1,37               4,10               0,00               4,10               0.00               0,24               0,56               
  47                                  770205             Kidsadilla Queso   2.00               1,89               3,77               0,00               3,77               0.00               0,22               0,51               
  48                                  106012             BU Bowl Mexican P Pic 1.00               3,75               3,75               0,00               3,75               0.00               0,22               0,51               
  49                                  103402             Quesarito Pollo Asado 3.00               1,24               3,73               0,00               3,73               0.00               0,22               0,51               
  50                                  770511             Nachos Con Queso   2.00               1,87               3,73               0,00               3,73               0.00               0,22               0,51               
  51                                  404300             Queso Cheddar      7.00               0,50               3,50               0,00               3,50               0.00               0,21               0,48               
  52                                  404010             Bacon              5.00               0,69               3,46               0,00               3,46               0.00               0,21               0,47               
  53                                  195121             Patatas Fritas G   24.00              0,14               3,45               0,00               3,45               0.00               0,21               0,47               
  54                                  103002             Gran Burrito Carne 1.00               3,43               3,43               0,00               3,43               0.00               0,20               0,47               
  55                                  103411             Quesarito Veg      1.00               3,43               3,43               0,00               3,43               0.00               0,20               0,47               
  56                                  103003             Gran Burrito P.Pic 1.00               3,32               3,32               0,00               3,32               0.00               0,20               0,45               
  57                                  105172             Patatas Fritas Premium XG 2.00               1,65               3,30               0,00               3,30               0.00               0,20               0,45               
  58                                  107065             BJ Choco Brownie 100ml 1.00               3,20               3,20               0,00               3,20               0.00               0,19               0,43               
  59                                  104118             Quesadilla Veg     1.00               3,07               3,07               0,00               3,07               0.00               0,18               0,42               
  60                                  101200             SoftTaco Carne     4.00               0,75               3,01               0,00               3,01               0.00               0,18               0,41               
  61                                  105117             Qso roll up Carne  3.00               1,00               3,00               0,00               3,00               0.00               0,18               0,41               
  62                                  101301             SftTA Sup P.Pic    2.00               1,47               2,93               0,00               2,93               0.00               0,17               0,40               
  63                                  105000             Nachos P           3.00               0,97               2,90               0,00               2,90               0.00               0,17               0,39               
  64                                  107000             Cono Bell          3.00               0,95               2,85               0,00               2,85               0.00               0,17               0,39               
  65                                  195108             Salsa Nacho        3.00               0,90               2,70               0,00               2,70               0.00               0,16               0,37               
  66                                  197006             Tarrina Bell Dul   1.00               2,40               2,40               0,00               2,40               0.00               0,14               0,33               
  67                                  197039             Kit Kat Chocadilla 1.00               2,40               2,40               0,00               2,40               0.00               0,14               0,33               
  68                                  107039             Kit Kat Chocadilla 1.00               2,25               2,25               0,00               2,25               0.00               0,13               0,31               
  69                                  404003             Carne Picada       22.00              0,10               2,25               0,00               2,25               0.00               0,13               0,31               
  70                                  105057             Patatas Fritas P   2.00               1,00               2,00               0,00               2,00               0.00               0,12               0,27               
  71                                  102020             GRI BBQ Carne      17.00              0,12               1,99               0,00               1,99               0.00               0,12               0,27               
  72                                  404428             Pollo Crujiente    3.00               0,66               1,98               0,00               1,98               0.00               0,12               0,27               
  73                                  104144             Mini Quesadilla P.Pic 1.00               1,95               1,95               0,00               1,95               0.00               0,12               0,26               
  74                                  104143             Mini Quesadilla Pollo 1.00               1,95               1,95               0,00               1,95               0.00               0,12               0,26               
  75                                  101215             Chicken Taco  Pollo Cruj 1.00               1,95               1,95               0,00               1,95               0.00               0,12               0,26               
  76                                  106002             Ensalada M         1.00               1,82               1,82               0,00               1,82               0.00               0,11               0,25               
  77                                  770204             Kidsadilla         1.00               1,81               1,81               0,00               1,81               0.00               0,11               0,25               
  78                                  105173             Chicken Nacho 3    1.00               1,60               1,60               0,00               1,60               0.00               0,10               0,22               
  79                                  105122             Nachos G           2.00               0,76               1,52               0,00               1,52               0.00               0,09               0,21               
  80                                  101203             SoftTaco Pollo Asado 2.00               0,76               1,51               0,00               1,51               0.00               0,09               0,21               
  81                                  101302             SftTA Sup Pollo Asado 1.00               1,50               1,50               0,00               1,50               0.00               0,09               0,20               
  82                                  105170             Patatas Fritas Premium M 1.00               1,48               1,48               0,00               1,48               0.00               0,09               0,20               
  83                                  404101             Salsa Nacho        6.00               0,24               1,45               0,00               1,45               0.00               0,09               0,20               
  84                                  104200             Kidsadilla Queso   1.00               1,44               1,44               0,00               1,44               0.00               0,09               0,20               
  85                                  195116             Salsa Mexican      1.00               1,20               1,20               0,00               1,20               0.00               0,07               0,16               
  86                                  195113             Nata Agria         2.00               0,60               1,20               0,00               1,20               0.00               0,07               0,16               
  87                                  404020             Carne Picada 2     15.00              0,07               1,10               0,00               1,10               0.00               0,07               0,15               
  88                                  105082             Patatas Kid        1.00               1,06               1,06               0,00               1,06               0.00               0,06               0,14               
  89                                  102138             BFR BBQ 1Pollo     1.00               1,04               1,04               0,00               1,04               0.00               0,06               0,14               
  90                                  404026             Pollo Crujiente    3.00               0,33               1,00               0,00               1,00               0.00               0,06               0,14               
  91                                  404401             Nata Agria         3.00               0,33               1,00               0,00               1,00               0.00               0,06               0,14               
  92                                  105102             Guacamole          1.00               0,95               0,95               0,00               0,95               0.00               0,06               0,13               
  93                                  107009             Danonino           1.00               0,57               0,57               0,00               0,57               0.00               0,03               0,08               
  94                                  105113             Crema Agria        1.00               0,57               0,57               0,00               0,57               0.00               0,03               0,08               
  95                                  101005             Taco Veg           1.00               0,51               0,51               0,00               0,51               0.00               0,03               0,07               
  96                                  404403             Salsa CreamyJalapeño 1.00               0,50               0,50               0,00               0,50               0.00               0,03               0,07               
  97                                  404201             Lechuga            3.00               0,17               0,50               0,00               0,50               0.00               0,03               0,07               
  98                                  404301             Doble Queso        3.00               0,17               0,50               0,00               0,50               0.00               0,03               0,07               
  99                                  404414             Salsa Habanero     2.00               0,20               0,40               0,00               0,40               0.00               0,02               0,05               
 100                                  404202             Tomate             1.00               0,25               0,25               0,00               0,25               0.00               0,01               0,03               
 101                                  404400             Guacamole          1.00               0,25               0,25               0,00               0,25               0.00               0,01               0,03               
 102                                  107023             Extra Dulce        1.00               0,25               0,25               0,00               0,25               0.00               0,01               0,03               
 103                                  104205             Kidsadilla Jamon   1.00               0,00               0,00               0,00               0,00               0.00               0,00               0,00               
 104                                  104012             Wrap Slider Carne  1.00               0,00               0,00               0,00               0,00               0.00               0,00               0,00               
 105                                  102050             Cheesy Burr Veg    1.00               0,00               0,00               0,00               0,00               0.00               0,00               0,00               
 106                                  103005             Gran Burrito Veggie 1.00               0,00               0,00               0,00               0,00               0.00               0,00               0,00               
 107                                  107017             Mini Tarrina de Fresa 3.00               0,00               0,00               0,00               0,00               0.00               0,00               0,00               
 108                                  102059             BU San Diego Veg   1.00               0,00               0,00               0,00               0,00               0.00               0,00               0,00               
 109                                  102025             BU San Diego Carne 4.00               0,00               0,00               0,00               0,00               0.00               0,00               0,00               
 110                                  104100             Quesadilla Pollo Asado 1.00               0,00               0,00               0,00               0,00               0.00               0,00               0,00               
 111                                  102117             BU San Diego Pollo Asado 1.00               0,00               0,00               0,00               0,00               0.00               0,00               0,00               
 112                                  107018             Mini Tarrina de Choc 1.00               0,00               0,00               0,00               0,00               0.00               0,00               0,00               
 113                                  102010             Burrito Carne&Patatas 3.00               0,00               0,00               0,00               0,00               0.00               0,00               0,00               
 114                                  102136             GRI BBQ 1Pollo     6.00               0,00               0,00               0,00               0,00               0.00               0,00               0,00               
 115                                  105091             Mex Nachos M       1.00               0,00               0,00               0,00               0,00               0.00               0,00               0,00               
 116                                  107076             Postre             1.00               0,00               0,00               0,00               0,00               0.00               0,00               0,00               
 117                                  195120             Chicken Nacho 6    1.00               0,00               0,00               0,00               0,00               0.00               0,00               0,00               
 118                                  193401             Quesarito C.Pic    1.00               0,00               0,00               0,00               0,00               0.00               0,00               0,00               
 119                                  191100             Taco Sup P.Pic     3.00               0,00               0,00               0,00               0,00               0.00               0,00               0,00               
 120                                  195050             Patatas Fritas P   2.00               0,00               0,00               0,00               0,00               0.00               0,00               0,00               
 121                                  105164             SIN Extra Salsa    3.00               0,00               0,00               0,00               0,00               0.00               0,00               0,00               
 122                                  105171             Patatas Fritas Premium G 2.00               0,00               0,00               0,00               0,00               0.00               0,00               0,00               
 123                                  191103             Taco Sup P.Asa     5.00               0,00               0,00               0,00               0,00               0.00               0,00               0,00               
 124                                  404021             Pollo Picante      7.00               0,00               0,00               0,00               0,00               0.00               0,00               0,00               
 125                                  191105             Taco Sup Veg       3.00               0,00               0,00               0,00               0,00               0.00               0,00               0,00               
 126                                  195000             Nachos P           2.00               0,00               0,00               0,00               0,00               0.00               0,00               0,00               
 127                                  414022             SIN Lechuga        2.00               0,00               0,00               0,00               0,00               0.00               0,00               0,00               
 128                                  414023             SIN Tomate         4.00               0,00               0,00               0,00               0,00               0.00               0,00               0,00               
 129                                  404019             Pollo Asado        1.00               0,00               0,00               0,00               0,00               0.00               0,00               0,00               
 130                                  404004             Pollo Picante      5.00               0,00               0,00               0,00               0,00               0.00               0,00               0,00               
 131                                  105143             Salsa Mild         15.00              0,00               0,00               0,00               0,00               0.00               0,00               0,00               
 132                                  106006             Ensalada..         1.00               0,00               0,00               0,00               0,00               0.00               0,00               0,00               
 133                                  191101             Taco Supreme Carne 13.00              0,00               0,00               0,00               0,00               0.00               0,00               0,00               
 134                                  414020             SIN Salsa Nacho    2.00               0,00               0,00               0,00               0,00               0.00               0,00               0,00               
 135                                  105146             SIN Salsa          19.00              0,00               0,00               0,00               0,00               0.00               0,00               0,00               
 136                                  414007             SIN Salsa Haban    4.00               0,00               0,00               0,00               0,00               0.00               0,00               0,00               
 137                                  414037             SIN Nata Agria     7.00               0,00               0,00               0,00               0,00               0.00               0,00               0,00               
 138                                  404001             Pollo Asado        4.00               0,00               0,00               0,00               0,00               0.00               0,00               0,00               
 139                                  105145             Salsa Fire         11.00              0,00               0,00               0,00               0,00               0.00               0,00               0,00               
 140                                  195080             Patatas Fritas M   4.00               0,00               0,00               0,00               0,00               0.00               0,00               0,00               
 141                                  195084             Nachos Supreme     1.00               0,00               0,00               0,00               0,00               0.00               0,00               0,00               
 142                                  194002             Cr Wrap Carne      2.00               0,00               0,00               0,00               0,00               0.00               0,00               0,00               
 143                                  192016             Chicken Burrito    1.00               0,00               0,00               0,00               0,00               0.00               0,00               0,00               
 144                                  105050             Patatas Fritas P   45.00              0,00               0,00               0,00               0,00               0.00               0,00               0,00               
 145                                  105132             Barbacoa           1.00               0,00               0,00               0,00               0,00               0.00               0,00               0,00               
 146                                  404436             Guacamole pico de gallo 1.00               0,00               0,00               0,00               0,00               0.00               0,00               0,00               
 147                                  404203             Pico de Gallo      1.00               0,00               0,00               0,00               0,00               0.00               0,00               0,00               
 148                                  404412             Salsa Barbacoa     1.00               0,00               0,00               0,00               0,00               0.00               0,00               0,00               
 149                                  104102             Quesadilla Queso   1.00               0,00               0,00               0,00               0,00               0.00               0,00               0,00               
 150                                  900000             Sin                109.00             0,00               0,00               0,00               0,00               0.00               0,00               0,00               
                                                                            ------------       ------------       ------------       ------------       ------------       ------------       ------------       ------------       
                                                         Total COMIDA:      775.00             0,95               736,09             0,00               736,09             0.00               43,93              100.00             
 
   1               BEBIDA             201102             M 16oz             32.00              1,68               53,76              0,00               53,76              0.00               3,21               39,82              
   2                                  201001             Agua               34.00              0,39               13,25              0,00               13,25              0.00               0,79               9,81               
   3                                  201010             Cerveza P          8.00               1,58               12,63              0,00               12,63              0.00               0,75               9,35               
   4                                  201021             G 22oz             5.00               1,98               9,90               0,00               9,90               0.00               0,59               7,33               
   5                                  201075             Coca-Cola M        3.00               2,95               8,85               0,00               8,85               0.00               0,53               6,56               
   6                                  201028             Refresco XG        5.00               1,54               7,68               0,00               7,68               0.00               0,46               5,69               
   7                                  201024             Pet Fanta Naranja  5.00               1,28               6,40               0,00               6,40               0.00               0,38               4,74               
   8                                  201029             Agua XG            2.00               2,32               4,63               0,00               4,63               0.00               0,28               3,43               
   9                                  201019             Lata cerveza Classic 3.00               1,50               4,50               0,00               4,50               0.00               0,27               3,33               
  10                                  201160             Fuze Tea G         1.00               3,25               3,25               0,00               3,25               0.00               0,19               2,41               
  11                                  201023             Pet Coca Zero      8.00               0,40               3,20               0,00               3,20               0.00               0,19               2,37               
  12                                  201099             Fuze Tea M         1.00               2,95               2,95               0,00               2,95               0.00               0,18               2,19               
  13                                  201003             Lata Cerveza Sin   2.00               1,41               2,82               0,00               2,82               0.00               0,17               2,09               
  14                                  201011             Cerveza M          1.00               1,19               1,19               0,00               1,19               0.00               0,07               0,88               
  15                                  201100             P 12oz             26.00              0,00               0,00               0,00               0,00               0.00               0,00               0,00               
  16                                  201112             SIN Bebida         1.00               0,00               0,00               0,00               0,00               0.00               0,00               0,00               
  17                                  201130             M 16oz             13.00              0,00               0,00               0,00               0,00               0.00               0,00               0,00               
  18                                  201025             Pet Fanta Limon    1.00               0,00               0,00               0,00               0,00               0.00               0,00               0,00               
  19                                  201026             Pet Fuze Tea       13.00              0,00               0,00               0,00               0,00               0.00               0,00               0,00               
  20                                  201022             Pet Coca Coca      14.00              0,00               0,00               0,00               0,00               0.00               0,00               0,00               
                                                                            ------------       ------------       ------------       ------------       ------------       ------------       ------------       ------------       
                                                         Total BEBIDA:      178.00             0,76               135,01             0,00               135,01             0.00               8,06               100.00             
 
   1               OTROS              50010              Impuesto 7/2022    142.00             0,01               1,28               0,00               1,28               0.00               0,08               100,00             
                                                                            ------------       ------------       ------------       ------------       ------------       ------------       ------------       ------------       
                                                         Total OTROS:       142.00             0,01               1,28               0,00               1,28               0.00               0,08               100.00             
 
   1               COMBO              760130             Menú Quesarito     15.00              6,16               92,34              0,00               92,34              0.00               5,51               11,50              
   2                                  760002             Menu 3 Tacos Supreme 8.00               11,30              90,40              0,00               90,40              0.00               5,40               11,25              
   3                                  760129             Menú Crunchy Wrap  8.00               7,16               57,26              0,00               57,26              0.00               3,42               7,13               
   4                                  750188             Menu Griller P     13.00              3,50               45,50              0,00               45,50              0.00               2,72               5,66               
   5                                  771008             Menu Quesadilla    4.00               9,95               39,80              0,00               39,80              0.00               2,38               4,96               
   6                                  771003             Menu Gran Burrito  3.00               11,95              35,85              0,00               35,85              0.00               2,14               4,46               
   7                                  771001             Menu Quesarito     3.00               11,95              35,85              0,00               35,85              0.00               2,14               4,46               
   8                                  502080             M Quesarito        13.00              2,52               32,78              0,00               32,78              0.00               1,96               4,08               
   9                                  750189             Menu Griller M     6.00               3,90               23,40              0,00               23,40              0.00               1,40               2,91               
  10                                  780021             Pack 2 Personas    1.00               20,50              20,50              0,00               20,50              0.00               1,22               2,55               
  11                                  611006             CC 2x7 menus       3.00               6,79               20,36              0,00               20,36              0.00               1,22               2,53               
  12                                  502170             M Burrito BC       4.00               5,02               20,08              0,00               20,08              0.00               1,20               2,50               
  13                                  750201             Menu San Diego M   4.00               4,95               19,80              0,00               19,80              0.00               1,18               2,47               
  14                                  502077             M CWrap            8.00               2,34               18,73              0,00               18,73              0.00               1,12               2,33               
  15                                  613008             CC M Quesarito     3.00               5,72               17,17              0,00               17,17              0.00               1,02               2,14               
  16                                  780022             Pack 2 Personas    1.00               16,72              16,72              0,00               16,72              0.00               1,00               2,08               
  17                                  760145             M Twins BC         1.00               13,00              13,00              0,00               13,00              0.00               0,78               1,62               
  18                                  771026             Menu Bacon CWrap BC 1.00               13,00              13,00              0,00               13,00              0.00               0,78               1,62               
  19                                  612002             CC Combo 2 Qrito+CrWrap 1.00               12,13              12,13              0,00               12,13              0.00               0,72               1,51               
  20                                  771006             Menu Burrito Chicken 1.00               11,30              11,30              0,00               11,30              0.00               0,67               1,41               
  21                                  502078             M Quesadilla       5.00               2,26               11,30              0,00               11,30              0.00               0,67               1,41               
  22                                  771007             Menu Crunchy Wrap  1.00               11,25              11,25              0,00               11,25              0.00               0,67               1,40               
  23                                  750185             Combo Griller M    2.00               5,39               10,78              0,00               10,78              0.00               0,64               1,34               
  24                                  613006             CC M Chicken Burrito 2.00               5,26               10,51              0,00               10,51              0.00               0,63               1,31               
  25                                  611005             CC 2x1 Patatas Pequeñas 4.00               2,50               9,99               0,00               9,99               0.00               0,60               1,24               
  26                                  612009             CC Quesarito+ Patatas 2.00               4,94               9,87               0,00               9,87               0.00               0,59               1,23               
  27                                  502081             M Gran Burrito     4.00               2,46               9,85               0,00               9,85               0.00               0,59               1,23               
  28                                  750014             M Quesarito M      1.00               9,75               9,75               0,00               9,75               0.00               0,58               1,21               
  29                                  502136             M 3Tacos           5.00               1,92               9,58               0,00               9,58               0.00               0,57               1,19               
  30                                  611007             CC Menu Cheesy Burrito 2.00               4,54               9,08               0,00               9,08               0.00               0,54               1,13               
  31                                  750197             Combo San Diego M  1.00               6,94               6,94               0,00               6,94               0.00               0,41               0,86               
  32                                  502079             M CHicken BU       4.00               1,54               6,15               0,00               6,15               0.00               0,37               0,77               
  33                                  750180             Box Griller P      1.00               5,99               5,99               0,00               5,99               0.00               0,36               0,75               
  34                                  750203             Menu San Diego XG  1.00               5,95               5,95               0,00               5,95               0.00               0,36               0,74               
  35                                  613007             CC M Quesadilla    1.00               5,50               5,50               0,00               5,50               0.00               0,33               0,68               
  36                                  613005             CC GSB+Pat+Beb     1.00               5,39               5,39               0,00               5,39               0.00               0,32               0,67               
  37                                  612007             CC Chicken Burrito + Pat 1.00               5,18               5,18               0,00               5,18               0.00               0,31               0,64               
  38                                  611004             CC 2 TacSupreme+ Bebida 1.00               4,84               4,84               0,00               4,84               0.00               0,29               0,60               
  39                                  502085             M BIGC IND         2.00               2,35               4,70               0,00               4,70               0.00               0,28               0,59               
  40                                  612010             CC Cr Wrap + Patatas 1.00               4,12               4,12               0,00               4,12               0.00               0,25               0,51               
  41                                  611009             CC Menu Wrap Slider Carne 1.00               3,41               3,41               0,00               3,41               0.00               0,20               0,42               
  42                                  502083             M BU Bowl Mexican  1.00               2,52               2,52               0,00               2,52               0.00               0,15               0,31               
  43                                  502100             M Quesadi Veg      1.00               2,34               2,34               0,00               2,34               0.00               0,14               0,29               
  44                                  501186             Kids Nuevo         1.00               2,26               2,26               0,00               2,26               0.00               0,11               0,28               
  45                                  501079             M Crunchy Wrap BC  1.00               0,00               0,00               0,00               0,00               0.00               0,00               0,00               
  46                                  501010             M Quesadilla       1.00               0,00               0,00               0,00               0,00               0.00               0,00               0,00               
  47                                  501275             M Chicken BU       4.00               0,00               0,00               0,00               0,00               0.00               0,00               0,00               
  48                                  502138             M Bacon CH QU      4.00               0,00               0,00               0,00               0,00               0.00               0,00               0,00               
  49                                  501224             Taco Tuesday       41.00              0,00               0,00               0,00               0,00               0.00               0,00               0,00               
                                                                            ------------       ------------       ------------       ------------       ------------       ------------       ------------       ------------       
                                                         Total COMBO:       198.00             4,06               803,22             0,00               803,22             0.00               47,94              100.00             
 
                                                                            ------------       ------------       ------------       ------------       ------------       ------------       ------------       ------------       
                                                         Gran Total:        1293.00            1,30               1.675,60           0,00               1.675,60           0.00               100,00             100.00             
 
                                                                                                                                                                                                                                    
 
SECCIÓN RESUMEN 
                                                                                                                                                                                                                                    
                   COMIDA:                                                  775.00             0,95               736,09             0,00               736,09             0.00               43,93                                 
                   BEBIDA:                                                  178.00             0,76               135,01             0,00               135,01             0.00               8,06                                  
                   OTROS:                                                   142.00             0,01               1,28               0,00               1,28               0.00               0,08                                  
                   COMBO:                                                   198.00             4,06               803,22             0,00               803,22             0.00               47,94                                 
                                                                                                                                                                                                                                    
                                                                            ------------       ------------       ------------       ------------       ------------       ------------       ------------                          
                                                         Gran Total:        1293.00            1,30               1.675,60           0,00               1.675,60           0.00               100,00                                
 
                                                                                                                                                                                                                                    
 
****************************  Fin de Informe  **************************** 
